4640.0
167356.0
60470.0
250.0
920.0
9507.0
28.0
523.0
2255.0
27.0
4288.0
14034.0
381744.0
1642817.0
71450.0
33.0
29648.0
25812.0
14621.0
35623.0
87570.0
33533.0
10.0
9084.0
13337.0
840.0
23326.0
225126.0
27.0
33815.0
1979.0
1934.0
6179.0
6743.0
54.0
212803.0
735119.0
5011.0
5181.0
180628.0
2397.0
3671.0
48930.0
3765.0
3259.0
40143.0
40219.0
638310.0
255515.0
6757649.0
68.0
69919.0
9774.0
44452.0
72793.0
772.0
52030.0
70001.0
124.0
658276.0
39546.0
219.0
398.0
19285.0
483.0
25976.0
36709.0
25629.0
1735.0
24640.0
82191.0
68510.0
18046.0
8890.0
7150.0
3672.0
37640.0
9741.0
866061.0
