36168.0
410976.0
3892850.0
38127.0
147036.0
20857099.0
51349.0
4038.0
4735446.0
76846.0
635740.0
11354718.0
30492.0
14233.0
15.0
21371.0
70239.0
1367711.0
525.0
2943540.0
244430.0
558550.0
167819.0
1099.0
1430032.0
96222.0
15630.0
3259245.0
40449.0
14852.0
8631.0
4818.0
52134.0
377534.0
401540.0
1851253.0
11308.0
69316.0
3677920.0
122.0
44134.0
285387.0
825086.0
1664808.0
91814.0
781884.0
20185.0
94316.0
3778377.0
62094.0
3880244.0
355088.0
345632.0
393488.0
2611282.0
136307.0
251002.0
19854.0
1287049.0
55795.0
868860.0
4969725.0
499.0
35455.0
3928185.0
40639.0
1051.0
14194.0
29390.0
129604.0
109824.0
2076258.0
93054.0
82992.0
5111631.0
586.0
136278.0
211920.0
1745741.0
2191.0
13885.0
339744.0
67287.0
176421.0
48229.0
151626.0
41453.0
236433.0
309624.0
105309.0
281517.0
5.0
1811355.0
32838.0
138232.0
672436.0
15.0
156183.0
105.0
263275.0
468538.0
83135.0
1825.0
3492441.0
60277.0
262346.0
25209102.0
67129.0
26503222.0
25369.0
72.0
953378.0
310262.0
3315725.0
4.0
241489.0
6521.0
32689.0
2014.0
212500.0
111671.0
176738.0
249835.0
37874.0
27647.0
798712.0
136085.0
12.0
1034177.0
59378.0
110668.0
9221835.0
164949.0
251768.0
109463.0
372522.0
72802.0
44336.0
2145812.0
5730.0
246378.0
22743.0
71763.0
41260.0
1831848.0
496371.0
51.0
223521.0
303571.0
7768.0
1503830.0
1125111.0
7.0
3736715.0
17898515.0
309468.0
38919.0
367518.0
477448.0
7246.0
314.0
46363.0
180249.0
74065112.0
191067.0
1759834.0
661737.0
6514.0
228797.0
2404020.0
3078633.0
121067.0
138441.0
24301.0
158900.0
178620.0
123676.0
47678.0
2185811.0
22622.0
5191.0
62469.0
60353.0
1234861.0
8921704.0
3098239.0
1508438.0
75895.0
64493.0
220609.0
1024622.0
2783.0
249050.0
1181482.0
679135.0
96367.0
56322.0
14576.0
7400116.0
1117862.0
21601.0
1119520.0
56380.0
674237.0
226.0
121336.0
1449601.0
3195417.0
4.0
1588939.0
20141689.0
250205.0
49008.0
136395.0
606.0
4789.0
405850.0
4171212.0
2656032.0
1639016.0
4364947.0
5542.0
20362.0
1163887.0
2365.0
492162.0
232116.0
1971156.0
116028.0
16326340.0
165968.0
63454.0
9117.0
1096.0
835172.0
295296.0
23704.0
131007.0
1557928.0
2326.0
32630.0
55038.0
85173.0
542271.0
155247.0
1199799.0
59012.0
2025.0
29535.0
450136.0
46814.0
1057265.0
138899.0
29953.0
52211.0
2106162.0
5890.0
30518.0
51029.0
899814.0
332807.0
393.0
52204.0
2755.0
147407.0
41814.0
81234.0
312164.0
182560.0
22162.0
43871174.0
245946.0
89363.0
879.0
38410.0
672231.0
1400025.0
6816415.0
154957.0
198858.0
693458.0
4238394.0
117100.0
78075.0
1235627.0
41768.0
939212.0
662169.0
138595.0
150321.0
116268.0
1017277.0
1376835.0
40297.0
128220.0
3205229.0
1037510.0
2055404.0
424734.0
1840.0
36.0
419860.0
44835.0
242706.0
10568.0
1843147.0
7547.0
4771045.0
1611775.0
265039156.0
432456.0
9684.0
100822.0
47442.0
148831.0
36293.0
321015.0
23345.0
82269.0
215020.0
4448406.0
47168.0
19830.0
2969404.0
