9973.0
122368.0
189129.0
255.0
936.0
10178.0
28.0
550.0
2523.0
29.0
4421.0
28922.0
396542.0
1679334.0
74859.0
11.0
15735.0
28858.0
52046.0
36263.0
92119.0
69760.0
11.0
10075.0
13582.0
954.0
24929.0
227332.0
30.0
36099.0
2008.0
2054.0
20670.0
7377.0
58.0
218342.0
768362.0
16197.0
5273.0
96158.0
2597.0
7766.0
17335.0
4286.0
3548.0
67233.0
41546.0
678261.0
152775.0
6798782.0
138.0
73057.0
10152.0
24318.0
76671.0
793.0
55884.0
72151.0
62.0
677930.0
130605.0
247.0
416.0
20505.0
504.0
28015.0
112734.0
26974.0
1775.0
25779.0
85526.0
74577.0
20241.0
9667.0
7690.0
3837.0
18704.0
10931.0
1790456.0
