35786.0
409149.0
1446885.0
38089.0
136142.0
20592972.0
28498.0
3986.0
2350924.0
76770.0
624182.0
1820121.0
10117.0
13875.0
15.0
21336.0
70980.0
1261534.0
506.0
2932866.0
242938.0
557002.0
156293.0
1066.0
1419962.0
95719.0
15608.0
3234720.0
40388.0
14810.0
8238.0
4684.0
84597.0
368941.0
391378.0
1836391.0
246197.0
68638.0
3619610.0
122.0
44053.0
279108.0
823375.0
1649835.0
91347.0
385344.0
18859.0
90133.0
1085105.0
60879.0
3841567.0
347229.0
344747.0
391833.0
2506191.0
136184.0
250703.0
19764.0
1278521.0
107532.0
767392.0
4678142.0
495.0
35512.0
3874363.0
39446.0
1041.0
12757.0
27823.0
129227.0
109387.0
2045250.0
92552.0
78055.0
4917310.0
584.0
125395.0
211578.0
1443693.0
2177.0
13121.0
337859.0
64471.0
168343.0
48163.0
149752.0
39686.0
224273.0
306686.0
105001.0
220712.0
5.0
1014134.0
32768.0
127768.0
660740.0
11.0
151958.0
210.0
256179.0
466872.0
80259.0
1824.0
3455350.0
60200.0
254673.0
24954389.0
66752.0
26434939.0
25053.0
68.0
945641.0
272014.0
3291230.0
4.0
239371.0
6333.0
32639.0
2010.0
204781.0
99936.0
175311.0
244563.0
36613.0
27372.0
793583.0
134903.0
12.0
394193.0
52161.0
109920.0
9122758.0
160903.0
251295.0
70210.0
367320.0
71573.0
40946.0
2078453.0
1957.0
37147.0
45327.0
64743.0
6998.0
3641595.0
346354.0
51.0
220556.0
366357.0
7745.0
1468292.0
1113127.0
7.0
3696333.0
17691919.0
307925.0
38764.0
366428.0
181771.0
6848.0
303.0
46263.0
175794.0
73213603.0
186537.0
991961.0
300614.0
6449.0
197909.0
375468.0
3062903.0
119771.0
138291.0
23328.0
76383.0
164930.0
121162.0
46495.0
2178443.0
20685.0
5060.0
57038.0
40055.0
1224655.0
1487890.0
3089760.0
1493078.0
73193.0
63795.0
218826.0
1007437.0
2779.0
233955.0
849789.0
652614.0
92815.0
56112.0
14438.0
7328823.0
967186.0
21569.0
1356844.0
10326.0
635695.0
222.0
120455.0
1433199.0
3198313.0
3.0
1556644.0
19716527.0
367618.0
48913.0
136140.0
298.0
4784.0
403321.0
4132329.0
2514004.0
814394.0
4348024.0
5507.0
19414.0
1161090.0
2332.0
472699.0
231743.0
1941550.0
115365.0
16227795.0
82152.0
49727.0
9095.0
1093.0
275771.0
286723.0
18697.0
129445.0
364010.0
2141.0
29134.0
53996.0
80318.0
534577.0
136230.0
1156852.0
47381.0
2025.0
29415.0
439071.0
45122.0
1029863.0
122835.0
29615.0
47083.0
1953359.0
5756.0
27023.0
11241.0
49747.0
878406.0
308693.0
393.0
104216.0
2740.0
146805.0
41755.0
13440.0
310074.0
100345.0
20147.0
43363911.0
240535.0
88217.0
876.0
37580.0
659512.0
500162.0
6621982.0
151576.0
183107.0
688164.0
4094417.0
116908.0
77960.0
1216743.0
41471.0
873384.0
658493.0
137610.0
149763.0
105239.0
1000007.0
1333216.0
40219.0
25593.0
3176773.0
1032649.0
2017319.0
76880.0
1826.0
36.0
393115.0
44706.0
86081.0
8172289.0
1762563.0
7502.0
4712653.0
1574649.0
208523394.0
431099.0
9578.0
200763.0
42935.0
138376.0
38042.0
426379.0
22663.0
82084.0
212751.0
10564.0
47043.0
19676.0
2842162.0
