4856.0
174320.0
62002.0
254.0
931.0
9861.0
28.0
536.0
14526.0
28.0
4373.0
14277.0
780286.0
1663480.0
73374.0
11.0
15279.0
27605.0
18789.0
36043.0
90135.0
34324.0
10.0
9645.0
13485.0
926.0
24313.0
223122.0
28.0
35118.0
1991.0
1996.0
6613.0
7134.0
56.0
215975.0
755584.0
5266.0
5232.0
46903.0
2518.0
3798.0
16850.0
4106.0
6854.0
41634.0
40990.0
661822.0
149214.0
6779622.0
68.0
71835.0
9974.0
23204.0
75077.0
780.0
108604.0
71253.0
62.0
669585.0
41935.0
237.0
406.0
20002.0
673.0
26044.0
37218.0
26370.0
1756.0
25331.0
84127.0
72138.0
19304.0
9358.0
7487.0
3764.0
18179.0
10459.0
883003.0
