17911.0
152355.0
59069.0
1250.0
914.0
9218.0
27.0
508.0
2142.0
84.0
4247.0
13837.0
375267.0
8138710.0
69845.0
11.0
13883.0
24064.0
70778.0
35390.0
85397.0
32920.0
9.0
8623.0
13226.0
934.0
67617.0
1051804.0
27.0
32737.0
1961.0
3756.0
5809.0
6400.0
54.0
210490.0
717626.0
4771.0
15465.0
43604.0
2295.0
3524.0
15860.0
3554.0
3119.0
38982.0
39582.0
620967.0
141871.0
6742274.0
69.0
68348.0
28968.0
20311.0
141802.0
1530.0
251510.0
138062.0
62.0
2598016.0
37678.0
207.0
770.0
37236.0
463.0
25057.0
36405.0
24920.0
1707.0
24096.0
90892.0
65363.0
34234.0
17014.0
6890.0
7185.0
16900.0
9241.0
853170.0
