4286.0
153825.0
56311.0
245.0
905.0
8534.0
27.0
489.0
109617.0
1969.0
26.0
4156.0
13506.0
366263.0
1602907.0
67179.0
11.0
12832.0
21675.0
13424.0
34957.0
82437.0
63872.0
9.0
8115.0
13094.0
727.0
21086.0
206816.0
27.0
31252.0
1928.0
1759.0
5167.0
5901.0
52.0
206190.0
687088.0
4357.0
9184.0
40722.0
1947.0
3345.0
15209.0
3210.0
2945.0
37224.0
38474.0
589402.0
136124.0
6715877.0
68.0
65785.0
9496.0
18028.0
68145.0
735.0
47421.0
67653.0
62.0
636733.0
34510.0
188.0
361.0
17418.0
440.0
23626.0
35698.0
24002.0
1669.0
23203.0
77809.0
61402.0
15819.0
7842.0
6435.0
3467.0
15880.0
14684.0
1660988.0
