35947.0
409912.0
1453502.0
38098.0
140671.0
20721907.0
28561.0
3991.0
2357811.0
76802.0
628721.0
1846829.0
10134.0
14031.0
45.0
21352.0
71638.0
1322611.0
514.0
2936852.0
243529.0
557605.0
160493.0
1077.0
1424173.0
95904.0
15616.0
3245656.0
40412.0
14831.0
8410.0
4734.0
52007.0
371772.0
397801.0
1842068.0
11260.0
68879.0
3647788.0
122.0
44068.0
284674.0
823768.0
1656324.0
91518.0
387323.0
19391.0
91736.0
696285.0
61207.0
4524135.0
350371.0
345048.0
392460.0
2546942.0
136234.0
250657.0
19790.0
1282057.0
54217.0
1641494.0
4861649.0
990.0
35405.0
3894776.0
40489.0
1046.0
41082.0
28364.0
129410.0
109506.0
2057519.0
130386.0
180049.0
5003694.0
585.0
130432.0
211677.0
1449320.0
2179.0
13719.0
338521.0
65494.0
171504.0
48177.0
150647.0
40381.0
228897.0
307677.0
105151.0
268762.0
5.0
1808367.0
32803.0
65991.0
665785.0
12.0
146155.0
105.0
258479.0
467477.0
81344.0
1825.0
3469505.0
60227.0
257571.0
24841954.0
66905.0
26405098.0
25200.0
68.0
948927.0
309328.0
3301371.0
4.0
241112.0
6354.0
32676.0
2012.0
208358.0
104572.0
175793.0
247903.0
37441.0
27479.0
795520.0
135358.0
12.0
832363.0
55241.0
110158.0
9163302.0
162534.0
251228.0
55337.0
369346.0
72067.0
42325.0
2104250.0
2281.0
39495.0
107951.0
67599.0
7041.0
1828093.0
329622.0
51.0
221881.0
302107.0
17229.0
1482910.0
1119725.0
7.0
3711391.0
17790927.0
301280.0
38814.0
366810.0
182740.0
7028.0
303.0
46297.0
177588.0
112989912.0
188052.0
1002683.0
301661.0
6482.0
194638.0
1543336.0
3069754.0
120270.0
138333.0
23930.0
77660.0
509928.0
122649.0
47004.0
2181380.0
21500.0
5121.0
59056.0
48502.0
1228741.0
1497091.0
3084736.0
1500677.0
74474.0
64047.0
219400.0
1014066.0
2779.0
239375.0
850475.0
670472.0
94625.0
56203.0
14461.0
11767958.0
1032609.0
21585.0
1111708.0
10738.0
938581.0
223.0
120819.0
1439211.0
3184376.0
4.0
1569749.0
19911515.0
185330.0
49601.0
136254.0
300.0
4785.0
404155.0
4144976.0
2567457.0
816187.0
4353834.0
5528.0
19711.0
1162555.0
4698.0
480482.0
231926.0
1953094.0
289703.0
16261685.0
81918.0
112321.0
9104.0
1093.0
280611.0
290184.0
20634.0
130157.0
373765.0
2220.0
15412.0
54453.0
82213.0
542360.0
141587.0
1173558.0
52495.0
2025.0
29462.0
443308.0
45830.0
1051878.0
155058.0
29735.0
49034.0
2014472.0
5788.0
28256.0
50291.0
888542.0
318723.0
393.0
52152.0
2747.0
147064.0
41776.0
13523.0
391037.0
100430.0
20774.0
43721505.0
241487.0
88593.0
877.0
38265.0
662646.0
508489.0
6690604.0
152841.0
196891.0
690019.0
4148826.0
116989.0
156024.0
1223768.0
41597.0
898095.0
659846.0
138073.0
149948.0
110486.0
1003707.0
1351915.0
40264.0
28026.0
3186860.0
1201864.0
2030989.0
78809.0
1833.0
36.0
398862.0
44792.0
86253.0
10564.0
1832288.0
7515.0
4758451.0
1587316.0
209869025.0
431546.0
9620.0
238428.0
44429.0
285444.0
38093.0
316652.0
22903.0
82147.0
213990.0
4283463.0
47091.0
9858.0
3084162.0
