36007.0
439368.0
1454659.0
38107.0
143025.0
20748536.0
28573.0
3993.0
2360925.0
76823.0
577315.0
1861262.0
10147.0
14106.0
15.0
19711.0
72023.0
1336422.0
521.0
2939278.0
190304.0
557958.0
162873.0
1085.0
1426186.0
96032.0
15621.0
3250631.0
40425.0
14836.0
8485.0
4760.0
52065.0
373416.0
398988.0
1845162.0
11278.0
69037.0
3656591.0
122.0
41438.0
351993.0
2645404.0
1627783.0
91607.0
668978.0
118062.0
92543.0
697952.0
61486.0
3843061.0
352335.0
345192.0
392836.0
5136760.0
136245.0
250872.0
19810.0
1283782.0
54797.0
389474.0
4896715.0
495.0
35421.0
3904632.0
40543.0
1047.0
13894.0
57438.0
229707.0
99250.0
2064070.0
92886.0
81306.0
5037648.0
585.0
132603.0
211751.0
1740100.0
2177.0
13759.0
572565.0
66113.0
173390.0
48189.0
150961.0
40726.0
231591.0
308232.0
105204.0
272973.0
5.0
1807138.0
32815.0
67065.0
668506.0
12.0
264677.0
105.0
259931.0
467754.0
80917.0
1825.0
3476760.0
60232.0
259099.0
25114953.0
66994.0
26432828.0
25266.0
136.0
950556.0
309551.0
3306201.0
4.0
240452.0
6374.0
32680.0
5622.0
209962.0
106991.0
176057.0
248719.0
37556.0
27532.0
796637.0
154892.0
12.0
199130.0
56740.0
110318.0
9182964.0
163351.0
251586.0
55368.0
370445.0
72322.0
43057.0
2116214.0
2454.0
40000.0
22713.0
68910.0
7053.0
1829303.0
330534.0
51.0
222371.0
302493.0
7759.0
1489961.0
1121549.0
7.0
3720164.0
17830985.0
303783.0
38849.0
367092.0
183284.0
17691.0
303.0
46335.0
178384.0
73749500.0
277427.0
1008164.0
302237.0
6487.0
227459.0
391005.0
16148387.0
120588.0
138375.0
24073.0
78273.0
172702.0
123040.0
47227.0
2182665.0
21972.0
5143.0
119938.0
52398.0
1231013.0
1501852.0
3089119.0
648742.0
75010.0
64184.0
219822.0
1018005.0
2779.0
242312.0
850873.0
679336.0
95287.0
56253.0
14512.0
7371207.0
1063128.0
21589.0
1114937.0
10972.0
658969.0
225.0
121002.0
1443142.0
3187998.0
4.0
1576366.0
19968767.0
185903.0
48978.0
136289.0
302.0
4786.0
404567.0
4153001.0
2596042.0
817360.0
4357577.0
5537.0
19916.0
1361921.0
2353.0
484577.0
587489.0
1958622.0
115779.0
38382315.0
143524.0
58637.0
9113.0
1095.0
280991.0
291920.0
21855.0
232568.0
378876.0
2239.0
15725.0
54670.0
83227.0
546339.0
146945.0
2364982.0
54905.0
2025.0
29482.0
445590.0
46170.0
1053885.0
137656.0
29804.0
50294.0
2046389.0
5804.0
28980.0
50549.0
892195.0
323539.0
393.0
52164.0
2750.0
147190.0
41791.0
13497.0
311400.0
100496.0
21271.0
59764760.0
306870.0
88809.0
1754.0
38321.0
636355.0
512897.0
6734447.0
153612.0
197678.0
691172.0
4176639.0
117033.0
78037.0
1227541.0
41645.0
911781.0
660662.0
138259.0
150092.0
213904.0
1007633.0
1360550.0
40272.0
29391.0
3193029.0
1035856.0
2038242.0
79633.0
1833.0
36.0
401815.0
60420.0
86368.0
10566.0
1835761.0
7523.0
4762807.0
1593401.0
64061154.0
563744.0
9653.0
100673.0
45523.0
145877.0
38124.0
318260.0
69135.0
82196.0
214365.0
4338022.0
47117.0
9863.0
2962329.0
