35871.0
409598.0
4187588.0
38095.0
258654.0
9534778.0
28526.0
3988.0
2354986.0
76783.0
1041883.0
3673380.0
34986.0
13973.0
15.0
21345.0
71414.0
1312540.0
2553.0
2935219.0
424779.0
557343.0
158963.0
1070.0
1422642.0
95825.0
15611.0
3241849.0
80804.0
29662.0
8363.0
4718.0
51966.0
370633.0
396827.0
1840040.0
11251.0
68756.0
3641327.0
244.0
97245.0
861706.0
823592.0
1654034.0
182914.0
1824740.0
19165.0
273210.0
1061634.0
61068.0
3851189.0
349191.0
344969.0
431192.0
2529572.0
136210.0
250775.0
39562.0
2435698.0
53951.0
538452.0
24183105.0
495.0
35402.0
3886697.0
40421.0
2065.0
13397.0
28105.0
129358.0
197331.0
2052638.0
92740.0
79472.0
24825655.0
584.0
128450.0
423266.0
6127370.0
2178.0
13633.0
338312.0
65082.0
170271.0
48171.0
150365.0
40098.0
226953.0
307292.0
198767.0
265069.0
5.0
1745864.0
44974.0
65180.0
663782.0
11.0
393741.0
105.0
257360.0
467147.0
80905.0
1825.0
3463865.0
60214.0
512930.0
61199853.0
66851.0
70783995.0
25136.0
68.0
948017.0
817124.0
4515316.0
4.0
516328.0
6341.0
98004.0
5606.0
206908.0
102530.0
175576.0
246902.0
37347.0
27442.0
794736.0
245498.0
12.0
275833.0
54056.0
110059.0
9147281.0
161881.0
251444.0
55315.0
555408.0
71886.0
41804.0
2094890.0
2139.0
78060.0
45374.0
66519.0
10015.0
1827104.0
328889.0
51.0
221415.0
301790.0
7760.0
1477844.0
1118259.0
7.0
3705428.0
17760067.0
299450.0
38802.0
366617.0
511071.0
17218.0
303.0
46280.0
176858.0
73412865.0
187498.0
2996196.0
812890.0
6472.0
614986.0
381812.0
3067639.0
120058.0
138321.0
23793.0
77180.0
167999.0
122386.0
93636.0
2180353.0
21192.0
10206.0
58191.0
44997.0
1226768.0
1924907.0
3081837.0
1258392.0
73903.0
63958.0
219146.0
1558053.0
2779.0
237261.0
2116795.0
663948.0
154561.0
56167.0
14456.0
7344965.0
1009649.0
21574.0
1071194.0
20479.0
645723.0
223.0
120674.0
1436398.0
3181025.0
4.0
1564888.0
19871174.0
184996.0
48924.0
136194.0
300.0
4784.0
403779.0
4139416.0
2546921.0
815456.0
4351602.0
5526.0
58770.0
1161792.0
2344.0
1303982.0
231874.0
1948613.0
115524.0
34259729.0
223671.0
53500.0
9103.0
3279.0
279912.0
288773.0
19772.0
488307.0
739592.0
2182.0
15184.0
54274.0
162846.0
539389.0
138840.0
5833835.0
50606.0
2025.0
85733.0
720676.0
228115.0
1050194.0
136935.0
29691.0
88063.0
7959060.0
5775.0
27772.0
50080.0
885087.0
630302.0
393.0
52132.0
2744.0
147007.0
41772.0
26946.0
310639.0
282701.0
30295.0
43669143.0
241836.0
88451.0
876.0
38230.0
660585.0
505528.0
11437410.0
152270.0
196312.0
689123.0
4126361.0
213456.0
77991.0
1220711.0
41550.0
888276.0
659228.0
137891.0
149881.0
432342.0
1000630.0
1344638.0
40227.0
54022.0
7158917.0
1033893.0
2025850.0
156212.0
1829.0
36.0
396688.0
146142.0
86208.0
10565.0
1829665.0
30040.0
4755543.0
3165694.0
209529007.0
431392.0
9602.0
162897.0
86508.0
142803.0
38069.0
315347.0
68403.0
82120.0
213721.0
4244110.0
47070.0
9853.0
2985966.0
