15897.0
188922.0
66116.0
257.0
952.0
10686.0
28.0
574.0
2728.0
29.0
4531.0
14718.0
406557.0
1703101.0
77204.0
11.0
16402.0
30759.0
19679.0
36401.0
94865.0
71716.0
13.0
10617.0
13687.0
1015.0
25829.0
233636.0
31.0
37590.0
2043.0
12828.0
7385.0
7760.0
112.0
222343.0
787130.0
5552.0
5317.0
298458.0
2682.0
7986.0
18290.0
4485.0
3765.0
44934.0
42310.0
702743.0
157677.0
6846907.0
138.0
74864.0
10399.0
25932.0
318880.0
806.0
57947.0
73616.0
63.0
690368.0
45926.0
252.0
2646.0
21162.0
516.0
29515.0
114282.0
27948.0
1804.0
26544.0
525832.0
77985.0
86904.0
50925.0
8129.0
3993.0
19376.0
11814.0
914082.0
