36065.0
410596.0
3870136.0
38113.0
144595.0
11736031.0
45166.0
3991.0
2502464.0
76833.0
632882.0
1873034.0
10155.0
28346.0
15.0
21363.0
62280.0
4042560.0
522.0
2940891.0
244075.0
558170.0
164764.0
1094.0
1427791.0
96109.0
15626.0
3254268.0
40438.0
14841.0
8543.0
4782.0
52079.0
375029.0
399921.0
5542200.0
11292.0
69122.0
3663153.0
122.0
44099.0
285101.0
824430.0
1661412.0
91695.0
389307.0
19864.0
93291.0
1067556.0
61690.0
3871071.0
706948.0
345316.0
393050.0
2585722.0
136272.0
250926.0
19830.0
1277545.0
110290.0
533254.0
4925618.0
495.0
35441.0
3913006.0
40580.0
1047.0
14035.0
28974.0
129528.0
109692.0
2069040.0
92958.0
82004.0
5069469.0
585.0
134147.0
211843.0
2298133.0
2185.0
25896.0
339290.0
199650.0
174774.0
48211.0
151222.0
41037.0
233423.0
308722.0
105247.0
276394.0
5.0
1812206.0
32807.0
135654.0
670422.0
13.0
154057.0
210.0
261108.0
468060.0
82473.0
1825.0
10448340.0
60239.0
260441.0
25151386.0
67050.0
26460475.0
25309.0
69.0
951526.0
309829.0
3307103.0
4.0
241379.0
6438.0
32685.0
2013.0
211014.0
108879.0
176317.0
249162.0
37656.0
27570.0
795609.0
135762.0
12.0
276414.0
173316.0
110433.0
23375282.0
163956.0
251681.0
106963.0
371356.0
72491.0
86840.0
2128721.0
5240.0
40367.0
39897.0
69861.0
7066.0
1830398.0
494348.0
51.0
222788.0
302994.0
7763.0
1495212.0
1123082.0
7.0
11178318.0
17856936.0
306042.0
38881.0
367263.0
476018.0
7146.0
314.0
46346.0
179101.0
73862577.0
189531.0
2024348.0
396919.0
13006.0
195547.0
789754.0
3075006.0
120756.0
138420.0
24179.0
157506.0
174983.0
123292.0
47406.0
2183838.0
22288.0
5164.0
61045.0
55127.0
1232438.0
1505548.0
3092751.0
1505450.0
75414.0
64308.0
220167.0
1020356.0
2783.0
344787.0
1260348.0
686236.0
95751.0
56293.0
14545.0
7381568.0
1084567.0
21593.0
1117073.0
11169.0
665263.0
225.0
121128.0
1445632.0
3190689.0
4.0
1581257.0
20016325.0
186170.0
48992.0
136314.0
606.0
4787.0
405096.0
4158994.0
2619689.0
850040.0
4360241.0
5537.0
20104.0
1163473.0
2356.0
469594.0
232057.0
5890560.0
115861.0
16299160.0
82621.0
60673.0
9115.0
1095.0
845082.0
293393.0
22577.0
130784.0
382585.0
2280.0
31924.0
135880.0
83984.0
549512.0
451668.0
1189453.0
169698.0
2025.0
29510.0
447342.0
46443.0
1055337.0
138034.0
29873.0
51047.0
2070192.0
5840.0
29542.0
50730.0
895378.0
327213.0
393.0
52181.0
2751.0
147279.0
41797.0
13511.0
311738.0
101691.0
21678.0
43832835.0
244525.0
89041.0
878.0
38346.0
668129.0
1410213.0
6772315.0
154019.0
523784.0
692007.0
4198533.0
117064.0
78047.0
1230486.0
41690.0
922745.0
661216.0
138369.0
150184.0
113696.0
1011090.0
1367064.0
40290.0
30436.0
3197660.0
1029479.0
2043714.0
80311.0
1839.0
36.0
415761.0
44813.0
242565.0
10566.0
1838498.0
7536.0
4766046.0
1601752.0
264271759.0
432017.0
9677.0
110020.0
46264.0
147193.0
38131.0
319236.0
23179.0
82226.0
214635.0
8761060.0
47135.0
19734.0
2965549.0
