26
28
67
91
37
1
5
26
89
48
7
39
89
94
80
42
22
6
71
10
88
91
41
61
1
93
96
67
93
26
48
17
75
27
77
7
50
30
38
42
22
97
65
52
58
8
17
27
76
92
66
22
27
79
62
19
70
60
24
38
62
35
65
38
94
58
55
100
53
19
87
63
81
87
8
14
24
77
16
77
59
81
40
94
76
89
56
78
78
13
19
49
35
47
15
25
46
83
78
25
4
77
2
67
68
60
16
37
10
31
69
73
22
91
83
81
49
59
63
14
48
7
72
34
16
9
41
95
43
88
30
92
40
56
86
73
30
86
7
32
24
23
7
5
24
10
1
81
61
63
98
85
89
50
80
96
54
7
61
16
17
73
4
86
49
30
65
37
41
64
47
66
100
77
20
30
34
15
61
29
40
1
3
18
60
67
81
88
9
10
90
62
80
75
47
37
32
48
68
33
11
29
76
83
56
53
76
33
77
61
26
38
10
39
50
63
78
28
11
82
44
76
99
35
65
65
45
57
94
99
12
36
13
64
16
45
13
27
18
97
36
75
17
42
88
90
46
85
54
29
37
49
44
27
80
20
16
21
66
19
68
75
11
12
3
36
92
44
58
55
7
87
16
24
45
92
39
20
1
86
36
25
13
80
66
92
77
95
29
52
1
54
22
25
90
63
33
24
75
79
36
34
17
6
84
75
12
