11662.0
380823.0
1436760.0
32282.0
88022.0
19875980.0
21537.0
2110.0
2215169.0
73229.0
490576.0
1742244.0
8569.0
2156.0
13945.0
36126.0
1080482.0
2815399.0
198038.0
547329.0
67982.0
816.0
1374854.0
88667.0
2290259.0
7626.0
3143915.0
30605.0
12040.0
573.0
1222.0
32433.0
305033.0
298849.0
1742913.0
121039.0
36120.0
3330835.0
29920.0
214214.0
710011.0
1579436.0
88150.0
295102.0
11674.0
58794.0
618948.0
36663.0
3640783.0
319729.0
342019.0
2376253.0
121547.0
201126.0
12595.0
1151312.0
12776.0
329937.0
4699247.0
25719.0
3744513.0
24749.0
834.0
117.0
16090.0
46486.0
94769.0
1988579.0
72968.0
42792.0
4686272.0
390.0
28026.0
197005.0
1266117.0
1432.0
322019.0
7058.0
78624.0
43618.0
88524.0
25936.0
160373.0
253411.0
92920.0
171965.0
987018.0
282.0
44474.0
18402.0
283866.0
131820.0
39.0
170830.0
446885.0
13361.0
90.0
3335535.0
52877.0
120967.0
24537845.0
60989.0
25693358.0
13670.0
59.0
917814.0
271377.0
3056024.0
621375.0
208378.0
86.0
23683.0
45.0
139022.0
26810.0
134374.0
213240.0
13524.0
16823.0
740931.0
91918.0
349948.0
181883.0
11096.0
77421.0
9063494.0
118946.0
218330.0
46141.0
302791.0
61416.0
3294.0
2013653.0
6737.0
17567.0
7330.0
2429.0
1762673.0
248652.0
148481.0
265841.0
5001.0
1019309.0
932725.0
30820.0
3585859.0
17368474.0
263784.0
30312.0
5848.0
152189.0
1939.0
41350.0
95217.0
72811757.0
142397.0
745848.0
260910.0
3088.0
120227.0
318821.0
2906003.0
114074.0
113429.0
9936.0
34622.0
102695.0
100860.0
2102643.0
2988.0
603.0
26485.0
18878.0
1171012.0
1355763.0
2834965.0
1413205.0
37709.0
183397.0
954913.0
2420.0
82484.0
70766.0
811865.0
367662.0
68986.0
41392.0
3711.0
7290385.0
785390.0
354998.0
11462.0
1063398.0
2635.0
362619.0
49.0
93087.0
1376594.0
3020057.0
1475606.0
19574184.0
144987.0
44480.0
115582.0
25792.0
1137.0
364151.0
4065805.0
1697007.0
795424.0
4218682.0
16600.0
1131611.0
1082.0
337624.0
213175.0
1773459.0
103467.0
16050505.0
27216.0
7062.0
6417.0
294.0
275173.0
142398.0
710.0
107119.0
132339.0
115.0
29074.0
1316.0
19820.0
986969.0
8788.0
919.0
3796.0
286690.0
9553.0
641110.0
115379.0
16740.0
20956.0
1649466.0
3610.0
10583.0
8845.0
41292.0
777563.0
286272.0
77296.0
45772.0
2365.0
131189.0
35219.0
3383.0
280980.0
21963.0
3638.0
43303894.0
162372.0
358.0
30506.0
593420.0
38307.0
6104699.0
107322.0
147394.0
3955460.0
105237.0
76804.0
1115918.0
23045.0
9551.0
617001.0
115518.0
132620.0
20334.0
947227.0
957098.0
3080219.0
982578.0
1952007.0
25126.0
56450.0
295022.0
36209.0
75042.0
7440.0
1696176.0
1179.0
4578774.0
1523908.0
208034751.0
411978.0
3487.0
86160.0
17243.0
56158.0
29637.0
262875.0
3032.0
74123.0
138392.0
3798219.0
38704.0
6098.0
2796899.0
