1	0.000312304809494
2	0.00191021967526
3	0.00134952766532
4	0.000835421888053
5	0.00095328884652
6	0.0011273957159
7	0.00275103163686
9	0.00144927536232
10	0.00332778702163
11	0.0019120458891
2063	1.0
17	0.00232558139535
18	0.00552486187845
21	0.0058651026393
22	0.00828729281768
25	0.0034965034965
26	0.00342465753425
27	0.00363636363636
2076	1.0
29	0.010067114094
31	0.0042194092827
32	0.00523560209424
34	0.00438596491228
35	0.00454545454545
38	0.0049504950495
42	0.00571428571429
2092	1.0
45	0.0128205128205
2096	0.666666666667
49	0.00568181818182
52	0.00714285714286
53	0.00675675675676
54	0.00684931506849
55	0.00729927007299
57	0.00666666666667
59	0.00694444444444
62	0.00826446280992
63	0.015625
64	0.00826446280992
71	0.00900900900901
2121	1.0
75	0.00917431192661
77	0.0114942528736
82	0.0119047619048
84	0.0235294117647
86	0.0120481927711
88	0.0104166666667
90	0.0112359550562
91	0.025641025641
96	0.0133333333333
99	0.0327868852459
100	0.0263157894737
101	0.0144927536232
103	0.027027027027
104	0.0606060606061
105	0.0121951219512
108	0.0126582278481
2160	1.0
113	0.015625
114	0.0185185185185
123	0.015873015873
127	0.0212765957447
129	0.0166666666667
131	0.0212765957447
134	0.0178571428571
136	0.0363636363636
140	0.0192307692308
143	0.015625
147	0.0357142857143
366	0.1
152	0.0222222222222
153	0.0512820512821
154	0.0285714285714
156	0.025641025641
160	0.0222222222222
163	0.027027027027
166	0.0238095238095
169	0.0212765957447
1735	1.0
173	0.0294117647059
2225	1.0
179	0.0357142857143
180	0.04
182	0.0263157894737
183	0.025641025641
184	0.0333333333333
188	0.0384615384615
192	0.0285714285714
193	0.0285714285714
194	0.0869565217391
2243	1.0
2422	1.0
203	0.0344827586207
206	0.0416666666667
2256	1.0
209	0.0588235294118
211	0.0666666666667
212	0.0714285714286
213	0.0384615384615
217	0.0344827586207
218	0.0833333333333
2268	1.0
2269	1.0
222	0.0454545454545
225	0.0689655172414
227	0.0526315789474
231	0.0909090909091
233	0.0588235294118
234	0.0322580645161
235	0.05
238	0.0322580645161
239	0.0322580645161
240	0.04
242	0.0416666666667
245	0.0666666666667
248	0.0555555555556
251	0.0952380952381
254	0.0384615384615
258	0.111111111111
259	0.0384615384615
260	0.0769230769231
262	0.04
263	0.0588235294118
264	0.04
265	0.0555555555556
266	0.111111111111
267	0.0434782608696
268	0.157894736842
271	0.0333333333333
276	0.05
277	0.047619047619
278	0.05
2327	1.0
280	0.0833333333333
2329	1.0
2331	1.0
284	0.0434782608696
2337	1.0
290	0.0555555555556
292	0.0833333333333
293	0.0588235294118
300	0.08
301	0.0714285714286
302	0.0909090909091
303	0.0588235294118
304	0.0833333333333
305	0.0769230769231
306	0.0769230769231
307	0.0555555555556
310	0.0714285714286
2359	1.0
313	0.0714285714286
315	0.0833333333333
320	0.05
324	0.0666666666667
325	0.0588235294118
330	0.0625
333	0.0769230769231
337	0.0909090909091
338	0.0769230769231
340	0.125
343	0.166666666667
345	0.0555555555556
346	0.0625
347	0.0714285714286
348	0.0909090909091
352	0.1
355	0.0769230769231
361	0.0769230769231
2414	1.0
367	0.0740740740741
368	0.111111111111
369	0.0909090909091
371	0.0769230769231
374	0.166666666667
375	0.142857142857
376	0.0769230769231
2425	1.0
378	0.0666666666667
379	0.0833333333333
380	0.125
396	0.0769230769231
2445	1.0
402	0.111111111111
403	0.0625
409	0.166666666667
410	0.125
412	0.0833333333333
421	0.0909090909091
425	0.111111111111
427	0.0909090909091
428	0.0833333333333
429	0.1
432	0.2
434	0.125
439	0.0769230769231
440	0.111111111111
449	0.111111111111
15	0.00223214285714
458	0.166666666667
459	0.25
465	0.125
467	0.25
469	0.285714285714
470	0.25
471	0.2
473	0.125
2130	1.0
485	0.166666666667
486	0.125
487	0.125
488	0.142857142857
492	0.111111111111
493	0.2
499	0.333333333333
502	0.142857142857
506	0.166666666667
507	0.2
511	0.111111111111
515	0.142857142857
517	0.142857142857
518	0.285714285714
519	0.125
520	0.25
522	0.2
527	0.153846153846
2577	1.0
532	0.166666666667
539	0.285714285714
551	0.25
2601	1.0
558	0.166666666667
564	0.125
568	0.428571428571
570	0.0909090909091
573	0.166666666667
584	0.125
586	0.25
592	0.166666666667
596	0.166666666667
599	0.333333333333
601	0.25
603	0.25
2149	1.0
616	0.25
620	0.333333333333
625	0.111111111111
626	0.2
628	0.2
633	0.5
634	0.333333333333
636	0.333333333333
647	0.25
2156	1.0
662	0.25
667	0.111111111111
672	0.333333333333
673	0.166666666667
674	0.2
675	0.5
677	0.5
678	0.333333333333
679	0.333333333333
684	0.2
691	0.2
692	0.333333333333
702	0.333333333333
709	0.333333333333
711	0.5
712	0.25
725	0.5
726	0.25
729	0.4
733	0.333333333333
734	0.333333333333
735	0.5
737	0.5
742	1.0
744	0.333333333333
745	0.2
749	0.5
750	0.333333333333
754	0.25
2803	1.0
756	0.333333333333
757	1.0
759	0.25
763	0.142857142857
767	0.2
769	0.5
772	0.25
775	0.2
780	0.5
781	0.25
782	0.333333333333
2832	1.0
791	0.25
806	0.5
808	1.0
810	0.166666666667
839	0.333333333333
852	0.25
853	0.5
860	0.5
861	0.5
862	0.25
869	0.666666666667
874	0.333333333333
875	0.25
876	0.2
881	0.5
891	0.5
894	0.333333333333
903	1.0
2955	1.0
917	0.666666666667
920	0.5
921	0.5
922	1.0
935	0.5
936	0.5
943	1.0
947	1.0
951	0.5
952	0.333333333333
954	1.0
955	0.5
956	0.333333333333
961	0.5
962	0.5
963	0.333333333333
3029	1.0
985	0.5
986	1.0
997	0.5
1000	0.5
1004	0.2
1012	0.333333333333
1016	1.0
1018	1.0
3067	1.0
1028	1.0
1037	0.666666666667
1040	1.0
1044	0.333333333333
1050	1.0
1061	1.0
1062	1.0
1067	1.0
1074	0.666666666667
1077	1.0
1100	1.0
1101	1.0
1109	0.333333333333
1122	1.0
1141	0.5
1145	0.5
1147	0.5
1157	1.0
1158	0.666666666667
1159	1.0
1169	1.0
1170	1.0
1176	1.0
1187	1.0
1196	0.5
1211	1.0
1217	0.333333333333
1236	1.0
1238	0.333333333333
1251	0.5
3305	1.0
1268	1.0
1281	1.0
1282	0.333333333333
1284	1.0
3336	1.0
1292	1.0
1302	0.333333333333
1308	1.0
1310	0.5
1311	0.5
1314	1.0
1317	1.0
220	0.0344827586207
1326	0.333333333333
1328	1.0
1331	0.5
1333	1.0
1334	1.0
1349	1.0
1354	0.5
1356	1.0
1359	0.5
1368	0.5
1371	1.0
1376	0.666666666667
1401	1.0
1403	0.666666666667
1448	0.5
1475	1.0
1476	1.0
1478	1.0
1485	1.0
1492	0.5
1503	1.0
1506	0.5
1515	1.0
1525	1.0
1526	0.5
1527	1.0
1533	1.0
1537	1.0
1542	1.0
1543	1.0
3603	1.0
1568	1.0
1581	1.0
1583	1.0
1606	0.5
1607	1.0
1618	1.0
1620	1.0
1628	1.0
1631	1.0
1641	1.0
1644	1.0
2324	1.0
1671	1.0
1682	1.0
1690	1.0
1693	1.0
1717	1.0
289	0.05
1749	1.0
1752	0.5
1775	1.0
1777	1.0
1790	1.0
1799	1.0
1809	1.0
1827	1.0
1872	1.0
1878	1.0
1885	1.0
1895	1.0
1903	1.0
1934	1.0
1957	1.0
2036	1.0
