1997.0
2006.0
1997.0
2006.0
1997.0
1997.0
2001.0
2002.0
1997.0
2001.0
1997.0
1997.0
2000.0
2000.0
2003.0
1997.0
1998.0
1997.0
2002.0
2001.0
1998.0
1997.0
1999.0
1997.0
2004.0
1999.0
2005.0
1997.0
1997.0
1997.0
2002.0
1997.0
1998.0
1997.0
1997.0
2002.0
2005.0
1998.0
2001.0
1997.0
1997.0
2004.0
1997.0
1997.0
2002.0
1998.0
2007.0
2002.0
1997.0
1997.0
1999.0
1997.0
2004.0
1998.0
2000.0
2000.0
1997.0
1997.0
1997.0
1997.0
2000.0
2003.0
2001.0
1999.0
1998.0
1997.0
1997.0
1999.0
2008.0
1998.0
1997.0
2007.0
1997.0
1997.0
1997.0
2004.0
1997.0
2001.0
2000.0
1999.0
1999.0
1997.0
1998.0
1997.0
1997.0
1997.0
1997.0
2004.0
1997.0
2000.0
1997.0
2009.0
1997.0
2000.0
1999.0
1998.0
2001.0
1999.0
2014.0
2004.0
2000.0
2001.0
2005.0
2009.0
2001.0
2000.0
2000.0
1997.0
2005.0
1997.0
1997.0
