60
64
100
72
69
29
31
78
97
93
10
87
63
62
70
53
88
81
63
84
39
84
61
24
88
13
19
66
50
37
89
72
62
23
63
85
70
41
40
91
8
9
30
79
48
49
19
36
76
28
67
70
66
49
38
54
81
76
35
67
5
59
77
48
68
68
7
96
86
66
63
75
87
10
99
77
19
77
45
20
56
62
48
46
20
85
66
48
24
35
84
16
28
10
67
48
21
44
68
44
40
22
83
76
57
88
7
37
73
71
91
29
87
54
81
33
66
13
45
90
88
39
77
100
36
10
69
60
11
56
85
100
86
91
4
78
92
16
59
99
35
77
65
85
24
69
61
33
55
50
13
27
84
42
10
13
61
15
65
17
30
39
77
17
14
75
3
1
60
92
93
17
68
26
49
25
42
6
48
63
75
16
52
72
78
61
94
94
74
76
45
1
68
9
42
96
75
44
40
68
73
80
8
72
86
32
9
7
74
58
63
52
