14
50
62
12
73
40
22
77
92
20
42
64
61
80
80
32
92
52
26
63
17
11
9
52
4
74
27
36
94
56
82
3
97
98
95
30
74
78
16
32
3
27
71
52
18
89
1
5
35
17
7
86
15
34
36
58
81
80
12
93
29
47
23
62
44
1
37
99
22
34
46
70
43
50
86
53
63
8
37
33
8
18
10
58
10
60
67
22
44
57
22
30
27
41
55
16
37
98
98
58
8
87
54
99
11
78
30
38
92
4
40
53
13
50
65
84
30
19
88
87
33
30
29
53
7
59
98
23
79
35
33
1
25
22
95
23
67
11
42
78
52
40
45
59
47
20
49
78
89
77
20
25
25
67
37
44
27
97
28
41
24
17
16
72
26
75
17
65
59
6
9
41
38
7
61
7
27
10
37
81
35
24
73
38
9
41
54
82
34
1
4
46
96
82
83
23
1
1
95
34
63
63
24
19
7
47
21
51
99
9
31
18
23
30
20
74
43
56
1
82
62
8
25
20
29
36
89
14
55
90
27
31
69
23
92
46
29
27
63
26
12
72
12
84
14
21
32
12
96
73
16
8
98
9
92
65
87
1
51
15
1
80
40
94
87
