0.0
0.17625231910946196
0.17625231910946196
0.21150278293135436
0.22820037105751392
0.24675324675324675
0.24675324675324675
0.26716141001855287
0.2912801484230056
0.3302411873840445
0.34137291280148424
0.3562152133580705
0.37291280148423006
0.3784786641929499
0.3821892393320965
0.38404452690166974
0.3914656771799629
0.4025974025974026
0.4100185528756957
0.4100185528756957
0.4174397031539889
0.4359925788497217
0.437847866419295
0.4582560296846011
0.4675324675324675
0.4712430426716141
0.47309833024118736
0.4842300556586271
0.48794063079777367
0.49165120593692024
0.4935064935064935
0.49536178107606677
0.4972170686456401
0.5027829313543599
0.5064935064935064
0.5083487940630798
0.5120593692022264
0.5176252319109462
0.5213358070500927
0.5231910946196661
0.5250463821892394
0.5287569573283859
0.5306122448979592
0.5324675324675324
0.5343228200371057
0.5343228200371057
0.5343228200371057
0.5343228200371057
0.5417439703153989
0.5417439703153989
0.5417439703153989
0.5417439703153989
0.5473098330241187
0.5473098330241187
0.549165120593692
0.549165120593692
0.549165120593692
0.5510204081632653
0.5528756957328386
0.5528756957328386
0.5528756957328386
0.5565862708719852
0.5565862708719852
0.5695732838589982
0.5714285714285714
0.5732838589981447
0.575139146567718
0.5788497217068646
0.5788497217068646
0.5807050092764379
0.5825602968460112
0.5825602968460112
0.588126159554731
0.588126159554731
0.5918367346938775
0.5936920222634509
0.5936920222634509
0.5955473098330241
0.5992578849721707
0.5992578849721707
0.601113172541744
0.6029684601113172
0.6029684601113172
0.6048237476808905
0.6048237476808905
0.6066790352504638
0.6066790352504638
0.6066790352504638
0.608534322820037
0.608534322820037
0.608534322820037
0.6103896103896104
0.6122448979591837
0.6122448979591837
0.6122448979591837
0.6122448979591837
0.6122448979591837
0.6159554730983302
0.6178107606679035
